*---------------------------------------------------------------------------*
* Station name: Babati, Tanzania; ARRI-site"
* Year: 2018
* Author: Esther Mugi                                    0.000: NIL VALUE
* Source: NASA POWER (irradiation data), On-site (temperature and precipitation)"
* Comments: 7 and 8 not available. Values set at 0.
* Longitude: 35 56 E, latitude: 4 21 S, altitude: 1602 m."
*
* Column  Daily value
* 1       station number
* 2       year
* 3       day
* 4       irradiation                   (kJ m-2 d-1)
* 5       minimum temperature           (degrees Celsius)
* 6       maximum temperature           (degrees Celsius)
* 7       early morning vapour pressure (kPa)
* 8       mean wind speed (height: 2 m) (m s-1)
* 9       precipitation                 (mm d-1)
*---------------------------------------------------------------------------*
   35.56  -4.21     1602. 0.00 0.00                           
   2   2018   1    9700   16.2   24.0   0.    0.    2.37
   2   2018   2   18380   15.6   24.8   0.    0.    0.00
   2   2018   3    9170   15.7   24.9   0.    0.    5.67
   2   2018   4   13650   16.6   22.6   0.    0.    0.73
   2   2018   5   16640   15.8   23.3   0.    0.    0.00
   2   2018   6   10340   16.2   22.1   0.    0.    5.17
   2   2018   7   21800   15.6   23.2   0.    0.    0.00
   2   2018   8   18570   15.7   23.5   0.    0.    0.00
   2   2018   9   11830   15.4   23.1   0.    0.    0.00
   2   2018   10   21750   15.2   25.4   0.    0.    0.00
   2   2018   11   11460   16.0   22.9   0.    0.    34.60
   2   2018   12   17870   15.0   24.8   0.    0.    3.73
   2   2018   13   15780   15.3   25.5   0.    0.    24.20
   2   2018   14   22530   15.6   25.5   0.    0.    5.43
   2   2018   15   10020   15.5   24.0   0.    0.    0.00
   2   2018   16   23440   14.8   26.2   0.    0.    16.60
   2   2018   17   14520   16.4   23.5   0.    0.    8.77
   2   2018   18   19230   16.0   23.6   0.    0.    7.70
   2   2018   19   11780   15.5   24.4   0.    0.    8.27
   2   2018   20   11960   16.8   22.6   0.    0.    0.00
   2   2018   21   26420   16.2   26.5   0.    0.    0.00
   2   2018   22   22980   15.4   26.9   0.    0.    0.00
   2   2018   23   25200   15.5   26.8   0.    0.    0.00
   2   2018   24   27030   13.8   27.2   0.    0.    0.00
   2   2018   25   27620   14.5   28.1   0.    0.    24.73
   2   2018   26   24080   15.2   27.1   0.    0.    4.53
   2   2018   27   18440   16.8   26.1   0.    0.    0.00
   2   2018   28   22600   16.4   25.2   0.    0.    0.00
   2   2018   29   24960   15.5   27.6   0.    0.    0.00
   2   2018   30   25930   15.8   27.5   0.    0.    4.87
   2   2018   31   16090   16.7   26.1   0.    0.    0.00
   2   2018   32   25280   16.3   28.2   0.    0.    0.00
   2   2018   33   27330   16.2   29.1   0.    0.    0.00
   2   2018   34   28300   15.7   29.1   0.    0.    0.00
   2   2018   35   27700   15.0   29.1   0.    0.    0.00
   2   2018   36   19900   14.3   29.6   0.    0.    0.00
   2   2018   37   26950   16.5   28.9   0.    0.    0.00
   2   2018   38   16780   15.5   28.9   0.    0.    0.00
   2   2018   39   19900   14.6   29.1   0.    0.    0.00
   2   2018   40   13930   15.0   28.4   0.    0.    0.00
   2   2018   41   24960   14.3   29.1   0.    0.    0.00
   2   2018   42   26790   14.8   29.2   0.    0.    0.00
   2   2018   43   26930   14.8   28.4   0.    0.    0.00
   2   2018   44   27680   14.1   28.8   0.    0.    0.00
   2   2018   45   26250   15.2   29.0   0.    0.    0.00
   2   2018   46   27110   16.1   29.4   0.    0.    0.00
   2   2018   47   27080   16.1   29.4   0.    0.    0.00
   2   2018   48   27440   14.4   29.7   0.    0.    0.00
   2   2018   49   26990   15.5   28.9   0.    0.    0.00
   2   2018   50   27800   16.5   30.4   0.    0.    0.00
   2   2018   51   25910   17.0   28.6   0.    0.    0.00
   2   2018   52   21350   17.4   26.4   0.    0.    0.00
   2   2018   53   24930   16.9   26.8   0.    0.    0.00
   2   2018   54   24620   16.3   29.7   0.    0.    0.00
   2   2018   55   22630   16.4   29.9   0.    0.    0.00
   2   2018   56   24720   16.9   28.3   0.    0.    0.00
   2   2018   57   27700   15.9   30.3   0.    0.    0.00
   2   2018   58   23360   15.7   28.7   0.    0.    0.00
   2   2018   59   16720   17.0   26.8   0.    0.    12.47
   2   2018   60   13710   16.2   20.9   0.    0.    0.00
   2   2018   61   19300   15.9   22.3   0.    0.    0.00
   2   2018   62   14610   16.0   23.4   0.    0.    0.33
   2   2018   63   17180   15.7   20.7   0.    0.    1.83
   2   2018   64   23320   14.9   24.3   0.    0.    1.37
   2   2018   65   12400   15.2   20.3   0.    0.    2.93
   2   2018   66   20610   14.5   24.7   0.    0.    7.30
   2   2018   67   18430   16.7   24.4   0.    0.    5.60
   2   2018   68    9980   16.4   23.0   0.    0.    3.40
   2   2018   69    9340   16.0   23.4   0.    0.    8.23
   2   2018   70   13060   15.9   24.0   0.    0.    5.33
   2   2018   71   17090   16.0   24.4   0.    0.    0.77
   2   2018   72    9550   16.0   24.6   0.    0.    8.87
   2   2018   73   21800   16.2   25.1   0.    0.    8.13
   2   2018   74    7290   16.2   23.8   0.    0.    9.00
   2   2018   75   17020   16.0   23.3   0.    0.    7.53
   2   2018   76   21430   16.2   23.9   0.    0.    5.43
   2   2018   77   17650   16.3   24.3   0.    0.    9.73
   2   2018   78   15400   16.3   23.4   0.    0.    0.90
   2   2018   79   14740   16.7   23.7   0.    0.    6.13
   2   2018   80   22410   15.0   24.9   0.    0.    4.50
   2   2018   81   25160   15.0   25.1   0.    0.    0.00
   2   2018   82   27600   13.1   25.6   0.    0.    0.00
   2   2018   83   25280   14.3   25.6   0.    0.    0.00
   2   2018   84   24720   15.8   25.8   0.    0.    0.00
   2   2018   85   23980   16.5   25.1   0.    0.    22.83
   2   2018   86   19560   16.5   25.1   0.    0.    8.10
   2   2018   87   17300   16.0   24.8   0.    0.    0.00
   2   2018   88   25280   15.7   24.4   0.    0.    3.10
   2   2018   89   19900   15.4   24.7   0.    0.    10.10
   2   2018   90   21270   15.9   25.2   0.    0.    4.43
   2   2018   91   13440   16.3   23.3   0.    0.    7.67
   2   2018   92   20180   16.0   24.7   0.    0.    11.37
   2   2018   93   21340   16.1   24.6   0.    0.    0.00
   2   2018   94   22870   16.0   24.9   0.    0.    4.93
   2   2018   95   22460   14.2   25.8   0.    0.    5.00
   2   2018   96   22800   15.4   25.5   0.    0.    0.00
   2   2018   97   22160   15.6   25.3   0.    0.    8.10
   2   2018   98   17180   16.0   22.5   0.    0.    8.80
   2   2018   99   21890   15.6   24.7   0.    0.    6.20
   2   2018   100   20000   15.7   25.1   0.    0.    6.17
   2   2018   101   22500   16.2   25.3   0.    0.    3.17
   2   2018   102   20740   15.8   25.1   0.    0.    16.53
   2   2018   103   19100   16.6   22.7   0.    0.    0.00
   2   2018   104   14700   15.0   21.7   0.    0.    0.00
   2   2018   105   11690   13.8   21.8   0.    0.    26.63
   2   2018   106   13270   12.8   21.8   0.    0.    0.00
   2   2018   107   14440   15.2   22.9   0.    0.    9.77
   2   2018   108   15090   16.4   22.9   0.    0.    8.70
   2   2018   109   18050   15.6   22.3   0.    0.    0.00
   2   2018   110   17260   15.4   23.6   0.    0.    8.23
   2   2018   111   18110   16.2   24.1   0.    0.    8.03
   2   2018   112   20070   16.0   24.5   0.    0.    8.17
   2   2018   113   18530   16.8   22.5   0.    0.    9.23
   2   2018   114   19410   16.7   23.3   0.    0.    25.90
   2   2018   115   16630   15.2   23.3   0.    0.    0.00
   2   2018   116   17790   15.4   23.7   0.    0.    4.97
   2   2018   117   16910   14.5   21.2   0.    0.    0.00
   2   2018   118   19500   15.7   23.2   0.    0.    4.27
   2   2018   119   14720   14.1   23.0   0.    0.    0.00
   2   2018   120   16540   15.3   23.4   0.    0.    0.00
   2   2018   121   15250   15.5   22.6   0.    0.    2.37
   2   2018   122   11190   14.3   21.9   0.    0.    0.00
   2   2018   123   19580   14.3   22.5   0.    0.    0.00
   2   2018   124   16860   14.1   22.7   0.    0.    4.43
   2   2018   125   18120   13.7   22.9   0.    0.    3.70
   2   2018   126   23560   13.9   23.5   0.    0.    0.00
   2   2018   127   14490   15.8   22.7   0.    0.    0.00
   2   2018   128   20790   14.2   22.9   0.    0.    6.10
   2   2018   129   14330   14.4   22.7   0.    0.    0.00
   2   2018   130   13020   15.1   23.0   0.    0.    0.70
   2   2018   131   15690   14.9   23.3   0.    0.    3.10
   2   2018   132   21010   15.6   24.1   0.    0.    2.33
   2   2018   133   16770   15.1   24.0   0.    0.    0.00
   2   2018   134   18240   15.7   23.4   0.    0.    0.00
   2   2018   135   16900   14.0   22.9   0.    0.    1.17
   2   2018   136   15390   14.9   22.6   0.    0.    3.83
   2   2018   137   22990   14.3   20.9   0.    0.    0.00
   2   2018   138   21130   14.0   22.2   0.    0.    0.00
   2   2018   139   21650   13.1   23.2   0.    0.    0.00
   2   2018   140   18880   13.2   23.2   0.    0.    0.00
   2   2018   141   20950   13.9   23.0   0.    0.    0.00
   2   2018   142   16630   14.3   23.0   0.    0.    0.00
   2   2018   143   21220   15.0   23.2   0.    0.    0.00
   2   2018   144   21950   13.6   23.3   0.    0.    0.00
   2   2018   145   20080   13.3   23.3   0.    0.    0.00
   2   2018   146   19690   13.6   23.2   0.    0.    0.00
   2   2018   147   19630   13.9   23.6   0.    0.    0.00
   2   2018   148   24320   12.3   23.1   0.    0.    0.00
   2   2018   149   21870   12.1   23.0   0.    0.    0.00
   2   2018   150   22780   12.8   24.2   0.    0.    0.00
   2   2018   151   15070   14.0   23.7   0.    0.    0.00
   2   2018   152   18560   14.0   22.8   0.    0.    0.00
   2   2018   153   16160   14.1   23.8   0.    0.    0.00
   2   2018   154   17910   14.2   23.7   0.    0.    0.00
   2   2018   155   17170   13.7   24.2   0.    0.    0.00
   2   2018   156   21050   11.7   22.7   0.    0.    0.00
   2   2018   157   20990   11.6   22.1   0.    0.    0.00
   2   2018   158   18620   10.8   22.1   0.    0.    0.00
   2   2018   159   20980   10.9   22.3   0.    0.    0.00
   2   2018   160   22590   10.7   22.5   0.    0.    0.00
   2   2018   161   22930    9.9   22.8   0.    0.    0.00
   2   2018   162   22490   10.0   22.6   0.    0.    0.00
   2   2018   163   18400   11.8   23.0   0.    0.    0.00
   2   2018   164   15630   13.1   23.4   0.    0.    0.00
   2   2018   165   19590   12.5   23.1   0.    0.    0.00
   2   2018   166   21590   12.2   23.7   0.    0.    0.00
   2   2018   167   21490   12.1   24.3   0.    0.    0.00
   2   2018   168   17980   12.2   23.5   0.    0.    0.00
   2   2018   169   17130   12.9   23.2   0.    0.    0.00
   2   2018   170   11200   11.7   22.8   0.    0.    0.00
   2   2018   171   15090   12.5   22.9   0.    0.    0.00
   2   2018   172   16550   13.1   23.4   0.    0.    0.00
   2   2018   173   17380   12.8   23.1   0.    0.    0.00
   2   2018   174   21890   13.2   23.6   0.    0.    0.00
   2   2018   175   20650   12.1   23.9   0.    0.    0.00
   2   2018   176   21120   10.7   22.7   0.    0.    0.00
   2   2018   177   17560   11.7   23.2   0.    0.    0.00
   2   2018   178   20540   11.2   23.2   0.    0.    0.00
   2   2018   179   19100   10.8   23.4   0.    0.    0.00
   2   2018   180   19260   13.1   23.5   0.    0.    0.00
   2   2018   181   18020   13.5   24.0   0.    0.    0.00
   2   2018   182   19200   14.3   23.6   0.    0.    0.00
   2   2018   183   17280   13.4   23.8   0.    0.    0.00
   2   2018   184   15620   13.4   23.8   0.    0.    0.00
   2   2018   185   15690   13.0   22.7   0.    0.    0.00
   2   2018   186   19250   11.5   22.3   0.    0.    0.00
   2   2018   187   16500   11.0   22.5   0.    0.    0.00
   2   2018   188   18140   11.8   22.5   0.    0.    0.00
   2   2018   189   17580   12.0   23.5   0.    0.    0.00
   2   2018   190   16840   11.2   23.3   0.    0.    0.00
   2   2018   191   16980   12.9   23.1   0.    0.    0.00
   2   2018   192   15880   12.6   22.7   0.    0.    0.00
   2   2018   193   18150   12.6   23.0   0.    0.    0.00
   2   2018   194   16310   12.5   23.9   0.    0.    0.00
   2   2018   195   19590   12.1   24.2   0.    0.    0.00
   2   2018   196   22850   11.7   24.2   0.    0.    0.00
   2   2018   197   19890   11.8   22.9   0.    0.    0.00
   2   2018   198   22420   10.2   23.8   0.    0.    0.00
   2   2018   199   22610   10.2   23.4   0.    0.    0.00
   2   2018   200   22470    9.8   23.9   0.    0.    0.00
   2   2018   201   16520   11.2   23.8   0.    0.    0.00
   2   2018   202   18050   11.6   21.9   0.    0.    0.00
   2   2018   203   17740   12.1   22.9   0.    0.    0.00
   2   2018   204   15980   10.3   22.9   0.    0.    0.00
   2   2018   205   19150   11.8   22.6   0.    0.    0.00
   2   2018   206   16720   11.7   22.6   0.    0.    0.00
   2   2018   207   13880   12.0   22.4   0.    0.    0.00
   2   2018   208   12780   12.2   23.2   0.    0.    0.00
   2   2018   209   22510   12.8   25.7   0.    0.    0.00
   2   2018   210   21700   13.8   24.7   0.    0.    0.00
   2   2018   211   15050   14.1   24.8   0.    0.    0.00
   2   2018   212   18780   14.6   25.3   0.    0.    0.00
   2   2018   213   16640   14.5   25.9   0.    0.    0.00
   2   2018   214   20180   14.2   26.4   0.    0.    0.00
   2   2018   215   20850   14.2   26.2   0.    0.    0.00
   2   2018   216   22340   12.5   25.5   0.    0.    0.00
   2   2018   217   20780   11.2   25.1   0.    0.    0.00
   2   2018   218   20710   12.5   24.8   0.    0.    0.00
   2   2018   219   24100   11.5   26.2   0.    0.    0.00
   2   2018   220   24850   11.3   26.8   0.    0.    0.00
   2   2018   221   23930   12.5   26.6   0.    0.    0.00
   2   2018   222   21030   12.0   26.0   0.    0.    0.00
   2   2018   223   21920   10.8   24.7   0.    0.    0.00
   2   2018   224   20450   12.4   24.7   0.    0.    0.00
   2   2018   225   21830   11.7   25.0   0.    0.    0.00
   2   2018   226   23210   11.9   24.4   0.    0.    0.00
   2   2018   227   19540   12.2   25.0   0.    0.    0.00
   2   2018   228   24360   11.4   25.1   0.    0.    0.00
   2   2018   229   23680   12.1   25.2   0.    0.    0.00
   2   2018   230   21770   12.1   26.1   0.    0.    0.00
   2   2018   231   22330   12.3   24.5   0.    0.    0.00
   2   2018   232   24370   11.6   24.6   0.    0.    0.00
   2   2018   233   21800   12.4   24.3   0.    0.    0.00
   2   2018   234   22830   12.4   26.4   0.    0.    0.00
   2   2018   235   20500   13.8   25.6   0.    0.    0.00
   2   2018   236   22800   13.5   24.2   0.    0.    0.00
   2   2018   237   18180   12.7   25.4   0.    0.    0.00
   2   2018   238   16560   13.8   24.7   0.    0.    0.00
   2   2018   239   19360   13.7   25.1   0.    0.    0.00
   2   2018   240   18550   13.8   25.9   0.    0.    0.00
   2   2018   241   20090   13.4   24.8   0.    0.    0.00
   2   2018   242   24900   12.4   25.5   0.    0.    0.00
   2   2018   243   19110   13.2   25.6   0.    0.    0.00
   2   2018   244   22830   13.4   26.6   0.    0.    0.00
   2   2018   245   22450   13.9   25.1   0.    0.    0.00
   2   2018   246   23600   13.3   27.2   0.    0.    0.00
   2   2018   247   19710   14.2   26.8   0.    0.    0.00
   2   2018   248   22000   13.3   26.7   0.    0.    0.00
   2   2018   249   20080   13.9   25.7   0.    0.    0.00
   2   2018   250   25930   12.8   27.4   0.    0.    0.00
   2   2018   251   25100   13.8   27.9   0.    0.    0.00
   2   2018   252   25990   12.9   28.9   0.    0.    0.00
   2   2018   253   24530   15.3   29.2   0.    0.    0.00
   2   2018   254   23760   14.4   28.3   0.    0.    0.00
   2   2018   255   25480   13.8   28.0   0.    0.    0.00
   2   2018   256   25240   14.2   28.8   0.    0.    0.00
   2   2018   257   25510   15.2   29.2   0.    0.    0.00
   2   2018   258   27000   13.4   29.5   0.    0.    0.00
   2   2018   259   26950   13.9   29.4   0.    0.    0.00
   2   2018   260   24450   13.2   29.4   0.    0.    0.00
   2   2018   261   26870   13.9   29.3   0.    0.    0.00
   2   2018   262   26180   13.2   28.4   0.    0.    0.00
   2   2018   263   26830   12.4   28.2   0.    0.    0.00
   2   2018   264   25010   14.9   28.7   0.    0.    0.00
   2   2018   265   18680   14.4   28.2   0.    0.    0.00
   2   2018   266   25500   13.4   27.6   0.    0.    0.00
   2   2018   267   26030   13.2   28.4   0.    0.    0.00
   2   2018   268   22310   14.4   28.5   0.    0.    0.00
   2   2018   269   25930   14.5   29.0   0.    0.    0.00
   2   2018   270   15280   14.6   27.3   0.    0.    0.00
   2   2018   271   16840   14.7   26.8   0.    0.    0.00
   2   2018   272   24720   14.2   28.9   0.    0.    0.00
   2   2018   273   27040   13.4   27.7   0.    0.    0.00
   2   2018   274   26990   13.6   26.8   0.    0.    0.00
   2   2018   275   19720   13.8   27.2   0.    0.    0.00
   2   2018   276   26430   14.2   28.2   0.    0.    0.00
   2   2018   277   24790   14.5   28.9   0.    0.    0.00
   2   2018   278   21900   14.8   28.9    0.    0.    0.00
   2   2018   279   23110   15.2   28.8    0.    0.    0.00
   2   2018   280   23400   14.9   29.6    0.    0.    0.00
   2   2018   281   22390   15.7   28.4    0.    0.    0.00
   2   2018   282   16880   15.4   27.7    0.    0.    0.00
   2   2018   283   24880   14.4   28.4    0.    0.    0.00
   2   2018   284   26170   14.4   28.8    0.    0.    0.00
   2   2018   285   27410   13.0   28.6    0.    0.    0.00
   2   2018   286   26600   15.2   29.4    0.    0.    0.00
   2   2018   287   27630   14.7   29.9    0.    0.    0.00
   2   2018   288   27460   14.9   30.6    0.    0.    0.00
   2   2018   289   26690   15.1   31.0    0.    0.    0.00
   2   2018   290   24350   15.9   30.9    0.    0.    0.00
   2   2018   291   22970   16.7   28.0    0.    0.    0.00
   2   2018   292   21120   16.4   27.1    0.    0.    0.00
   2   2018   293   24340   15.8   26.1    0.    0.    0.00
   2   2018   294   27820   15.3   27.2    0.    0.    0.00
   2   2018   295   19780   14.2   25.0    0.    0.    0.00
   2   2018   296   11790   14.4   24.2    0.    0.    0.00
   2   2018   297   16250   12.6   24.1    0.    0.    0.00
   2   2018   298    8970   14.1   21.5    0.    0.    0.00
   2   2018   299   13640   14.0   24.6    0.    0.    0.00
   2   2018   300   19650   14.1   26.3    0.    0.    0.00
   2   2018   301   23440   14.9   27.1    0.    0.    0.00
   2   2018   302   21730   15.2   27.0    0.    0.    0.00
   2   2018   303   21210   15.6   25.7    0.    0.    0.00
   2   2018   304   18950   14.8   27.0    0.    0.    0.00
   2   2018   305   23450   15.6   27.3    0.    0.    0.00
   2   2018   306   25650   16.7   27.2    0.    0.    0.00
   2   2018   307   24120   16.4   28.1    0.    0.    0.00
   2   2018   308   24760   15.1   28.0    0.    0.    0.00
   2   2018   309   26540   14.9   28.8    0.    0.    0.00
   2   2018   310   22870   15.7   29.1    0.    0.    0.00
   2   2018   311   21900   14.8   29.8    0.    0.    0.00
   2   2018   312   21900   15.9   29.5    0.    0.    0.00
   2   2018   313   21900   16.3   28.1    0.    0.    0.00
   2   2018   314   21900   15.9   29.1    0.    0.    0.00
   2   2018   315   21900   16.6   28.2    0.    0.    0.00
   2   2018   316   21900   16.0   28.0    0.    0.    0.00
   2   2018   317   21900   15.8   27.0    0.    0.    0.00
   2   2018   318   21900   15.2   27.1    0.    0.    0.00
   2   2018   319   21900   14.8   28.0    0.    0.    0.00
   2   2018   320   21900   14.1   27.7    0.    0.    0.00
   2   2018   321   21900   15.8   24.5    0.    0.    0.00
   2   2018   322   21900   16.0   28.5    0.    0.    0.00
   2   2018   323   21900   17.0   27.3    0.    0.    0.00
   2   2018   324   21900   16.6   28.1    0.    0.    0.00
   2   2018   325   21900   17.0   26.0    0.    0.    0.00
   2   2018   326   21900   17.1   24.4    0.    0.    0.00
   2   2018   327   21900   17.0   25.9    0.    0.    0.00
   2   2018   328   21900   17.2   25.8    0.    0.    0.00
   2   2018   329   21900   16.2   27.6    0.    0.    0.00
   2   2018   330   21900   16.4   28.1    0.    0.    0.00
   2   2018   331   21900   16.5   28.0    0.    0.    0.00
   2   2018   332   21900   16.0   28.4    0.    0.    0.00
   2   2018   333   21900   16.1   29.6    0.    0.    0.00
   2   2018   334   21900   16.2   28.1    0.    0.    0.00
   2   2018   335   21900   16.8   27.4    0.    0.    0.00
   2   2018   336   21900   16.3   28.6    0.    0.    0.00
   2   2018   337   21900   16.0   28.0    0.    0.    0.00
   2   2018   338   21900   16.8   26.2    0.    0.    0.00
   2   2018   339   21900   17.0   27.3    0.    0.    0.00
   2   2018   340   21900   16.5   28.8    0.    0.    0.00
   2   2018   341   21900   16.5   28.8    0.    0.    0.00
   2   2018   342   21900   15.6   28.2    0.    0.    0.00
   2   2018   343   21900   17.3   25.0    0.    0.    0.00
   2   2018   344   21900   15.6   23.5    0.    0.    0.00
   2   2018   345   21900   15.5   21.1    0.    0.    0.00
   2   2018   346   21900   15.6   22.4    0.    0.    0.00
   2   2018   347   21900   16.7   23.5    0.    0.    0.00
   2   2018   348   21900   16.3   25.0    0.    0.    0.00
   2   2018   349   21900   16.3   25.8    0.    0.    0.00
   2   2018   350   21900   16.1   26.1    0.    0.    0.00
   2   2018   351   21900   16.2   25.2    0.    0.    0.00
   2   2018   352   21900   16.7   26.5    0.    0.    0.00
   2   2018   353   21900   17.2   26.1    0.    0.    0.00
   2   2018   354   21900   16.9   22.2    0.    0.    0.00
   2   2018   355   21900   15.3   25.8    0.    0.    0.00
   2   2018   356   21900   16.7   25.6    0.    0.    0.00
   2   2018   357   21900   17.3   24.5    0.    0.    0.00
   2   2018   358   21900   16.9   25.3    0.    0.    0.00
   2   2018   359   21900   16.2   26.7    0.    0.    0.00
   2   2018   360   21900   16.3   26.9    0.    0.    0.00
   2   2018   361   21900   15.9   27.1    0.    0.    0.00
   2   2018   362   21900   14.3   27.5    0.    0.    0.00
   2   2018   363   21900   15.1   26.8    0.    0.    0.00
   2   2018   364   21900   16.1   27.2    0.    0.    0.00
   2   2018   365   21900   16.8   26.3    0.    0.    0.00
