*---------------------------------------------------------------------------*
* Station name: Babati, Tanzania; ARRI-site"
* Year: 2019
* Author: Esther Mugi                                    0.000: NIL VALUE
* Source: NASA POWER (irradiation and temperature data), On-site (precipitation)
* Comments: 7 and 8 not available. Values set at 0.
* Longitude: 35 56 E, latitude: 4 21 S, altitude: 1602 m.
*
* Column  Daily value
* 1       station number
* 2       year
* 3       day
* 4       irradiation                   (kJ m-2 d-1)
* 5       minimum temperature           (degrees Celsius)
* 6       maximum temperature           (degrees Celsius)
* 7       early morning vapour pressure (kPa)
* 8       mean wind speed (height: 2 m) (m s-1)
* 9       precipitation                 (mm d-1)
*---------------------------------------------------------------------------*
    35.56  -4.21     1602. 0.00 0.00                           
   2   2019   1   24430   16.4   27.6   0.   0.   0.00
   2   2019   2   23390   15.9   27.5   0.   0.   0.00
   2   2019   3   25610   16.5   28.9   0.   0.   2.00
   2   2019   4   24000   17.0   22.5   0.   0.   2.00
   2   2019   5   24570   17.2   27.5   0.   0.   1.67
   2   2019   6   23950   16.6   27.9   0.   0.   0.00
   2   2019   7   16930   15.9   27.7   0.   0.   1.00
   2   2019   8   17200   16.1   25.5   0.   0.   0.90
   2   2019   9   19500   17.5   25.8   0.   0.   0.00
   2   2019   10   20060   15.4   26.3   0.   0.   4.87
   2   2019   11   21750   16.1   24.4   0.   0.   1.67
   2   2019   12   24340   16.1   26.3   0.   0.   0.67
   2   2019   13   26700   15.1   27.8   0.   0.   0.00
   2   2019   14   19730   16.3   23.8   0.   0.   1.67
   2   2019   15   15710   16.3   24.8   0.   0.   0.00
   2   2019   16   18300   16.2   23.0   0.   0.   3.17
   2   2019   17   21580   16.8   22.6   0.   0.   0.00
   2   2019   18   14030   17.0   24.4   0.   0.   0.00
   2   2019   19   21670   16.4   25.1   0.   0.   12.70
   2   2019   20   15410   16.9   24.1   0.   0.   1.70
   2   2019   21   15120   16.8   22.5   0.   0.   0.00
   2   2019   22   21880   15.9   23.3   0.   0.   0.00
   2   2019   23   14160   17.0   24.0   0.   0.   0.00
   2   2019   24   24720   16.1   25.9   0.   0.   6.37
   2   2019   25   26280   14.3   26.9   0.   0.   0.00
   2   2019   26   25170   15.4   25.8   0.   0.   2.13
   2   2019   27   26030   15.3   27.6   0.   0.   7.97
   2   2019   28   25240   16.0   26.5   0.   0.   3.67
   2   2019   29   25590   16.6   27.4   0.   0.   0.00
   2   2019   30   24810   16.0   27.0   0.   0.   0.00
   2   2019   31   27010   13.8   28.3   0.   0.   0.00
   2   2019   32   24810   16.2   27.6   0.   0.   0.00
   2   2019   33   25950   15.5   26.3   0.   0.   0.00
   2   2019   34   26250   16.2   28.9   0.   0.   0.00
   2   2019   35   25570   16.9   27.9   0.   0.   0.00
   2   2019   36   21660   17.5   24.8   0.   0.   0.00
   2   2019   37   23050   16.3   24.6   0.   0.   0.00
   2   2019   38   23010   15.7   25.6   0.   0.   0.00
   2   2019   39   15880   16.9   24.0   0.   0.   0.00
   2   2019   40   25140   16.8   25.1   0.   0.   0.00
   2   2019   41   26300   16.0   25.8   0.   0.   0.00
   2   2019   42   24070   15.1   26.3   0.   0.   0.00
   2   2019   43   27560   14.3   26.6   0.   0.   0.00
   2   2019   44   26640   13.3   26.3   0.   0.   10.15
   2   2019   45   25420   13.0   26.4   0.   0.   0.00
   2   2019   46   26870   13.9   28.2   0.   0.   0.00
   2   2019   47   18050   15.6   25.8   0.   0.   0.00
   2   2019   48   25550   17.1   26.5   0.   0.   0.00
   2   2019   49   23930   15.8   27.6   0.   0.   0.00
   2   2019   50   20270   17.6   25.1   0.   0.   0.00
   2   2019   51   20590   16.6   24.3   0.   0.   0.00
   2   2019   52   23970   15.9   25.2   0.   0.   0.00
   2   2019   53   19750   16.6   26.6   0.   0.   0.00
   2   2019   54   16860   15.6   25.3   0.   0.   0.00
   2   2019   55   22400   17.3   24.5   0.   0.   0.00
   2   2019   56   26040   16.9   26.2   0.   0.   0.00
   2   2019   57   27120   15.9   26.6   0.   0.   0.00
   2   2019   58   27130   16.4   27.3   0.   0.   0.00
   2   2019   59   26950   15.4   28.9   0.   0.   0.00
   2   2019   60   27530   16.4   28.8   0.   0.   0.00
   2   2019   61   18050   17.6   26.9   0.   0.   0.00
   2   2019   62   11820   16.2   21.8   0.   0.   0.00
   2   2019   63   11390   16.0   23.4   0.   0.   0.00
   2   2019   64   23850   16.3   23.9   0.   0.   0.00
   2   2019   65   19510   16.3   24.7   0.   0.   0.00
   2   2019   66   24580   16.2   23.3   0.   0.   0.00
   2   2019   67   24390   15.7   27.3   0.   0.   0.00
   2   2019   68   25170   17.5   28.2   0.   0.   0.00
   2   2019   69   22850   16.1   27.7   0.   0.   0.00
   2   2019   70   26120   14.1   28.6   0.   0.   0.00
   2   2019   71   24650   14.6   28.7   0.   0.   0.00
   2   2019   72   26820   14.5   29.3   0.   0.   7.15
   2   2019   73   27720   14.8   28.4   0.   0.   0.00
   2   2019   74   27590   15.3   29.2   0.   0.   0.00
   2   2019   75   26660   14.9   29.6   0.   0.   0.00
   2   2019   76   27620   15.2   29.6   0.   0.   0.00
   2   2019   77   23820   16.4   29.9   0.   0.   0.00
   2   2019   78   26550   14.5   30.4   0.   0.   0.00
   2   2019   79   27110   16.1   30.5   0.   0.   0.00
   2   2019   80   19790   16.2   30.5   0.   0.   0.00
   2   2019   81   26960   16.5   30.7   0.   0.   0.00
   2   2019   82   26660   15.7   30.6   0.   0.   0.00
   2   2019   83   24290   15.4   29.4   0.   0.   0.00
   2   2019   84   25700   14.0   30.6   0.   0.   0.00
   2   2019   85   26760   15.7   31.0   0.   0.   0.00
   2   2019   86   24760   16.9   28.2   0.   0.   0.00
   2   2019   87   24830   17.4   29.4   0.   0.   0.00
   2   2019   88   22930   17.7   28.9   0.   0.   0.00
   2   2019   89   14630   16.5   26.4   0.   0.   0.00
   2   2019   90   23970   17.0   26.3   0.   0.   0.00
   2   2019   91   21910   17.0   28.6   0.   0.   0.00
   2   2019   92   17920   17.4   26.0   0.   0.   4.25
   2   2019   93   23650   17.4   27.0   0.   0.   0.00
   2   2019   94   21280   17.6   25.6   0.   0.   0.00
   2   2019   95   22240   16.7   28.5   0.   0.   0.00
   2   2019   96   25200   17.2   29.5   0.   0.   0.00
   2   2019   97   24140   16.7   29.7   0.   0.   0.00
   2   2019   98   11110   16.3   28.1   0.   0.   25.20
   2   2019   99   21480   16.1   28.0   0.   0.   0.00
   2   2019   100   22820   16.6   28.6   0.   0.   0.00
   2   2019   101   22490   16.7   26.0   0.   0.   0.00
   2   2019   102   21740   16.7   28.8   0.   0.   0.00
   2   2019   103   21160   17.1   29.0   0.   0.   0.00
   2   2019   104   22310   17.5   29.7   0.   0.   0.00
   2   2019   105   25280   16.8   30.2   0.   0.   0.00
   2   2019   106   26390   15.9   30.4   0.   0.   0.00
   2   2019   107   26430   14.8   30.5   0.   0.   0.00
   2   2019   108   23560   15.3   30.1   0.   0.   3.00
   2   2019   109   20270   16.7   29.5   0.   0.   7.00
   2   2019   110   17480   17.2   28.2   0.   0.   0.00
   2   2019   111   20010   17.2   26.4   0.   0.   23.00
   2   2019   112   16590   17.1   27.9   0.   0.   0.00
   2   2019   113   16890   17.1   25.6   0.   0.   0.00
   2   2019   114   18810   17.9   27.1   0.   0.   22.00
   2   2019   115   17060   17.7   29.0   0.   0.   0.00
   2   2019   116   13360   17.1   25.4   0.   0.   5.90
   2   2019   117   16960   16.2   26.4   0.   0.   0.00
   2   2019   118   19590   16.6   27.5   0.   0.   0.00
   2   2019   119   21580   17.9   23.9   0.   0.   0.00
   2   2019   120   19120   17.3   25.9   0.   0.   0.00
   2   2019   121   21330   17.4   25.1   0.   0.   0.00
   2   2019   122   22620   16.9   25.8   0.   0.   0.00
   2   2019   123   20340   15.8   27.3   0.   0.   0.00
   2   2019   124   18780   16.2   26.8   0.   0.   0.00
   2   2019   125   14000   15.6   27.1   0.   0.   0.00
   2   2019   126   10680   16.6   23.6   0.   0.   10.00
   2   2019   127   14630   15.7   22.9   0.   0.   0.00
   2   2019   128   19000   14.1   24.5   0.   0.   0.00
   2   2019   129   13840   14.3   24.7   0.   0.   0.00
   2   2019   130   17070   14.5   24.5   0.   0.   0.00
   2   2019   131   17160   13.4   22.0   0.   0.   5.00
   2   2019   132   15910   12.8   23.9   0.   0.   0.00
   2   2019   133   12580   13.3   25.1   0.   0.   4.00
   2   2019   134   15160   15.0   23.8   0.   0.   2.00
   2   2019   135   15660   14.9   24.9   0.   0.   0.00
   2   2019   136   14970   15.0   25.4   0.   0.   8.00
   2   2019   137   18110   15.6   25.8   0.   0.   0.00
   2   2019   138   13420   15.8   25.2   0.   0.   11.00
   2   2019   139   15600   15.5   23.8   0.   0.   0.00
   2   2019   140   13640   15.0   24.0   0.   0.   0.00
   2   2019   141   21810   14.8   26.2   0.   0.   7.00
   2   2019   142   15500   14.2   25.3   0.   0.   5.00
   2   2019   143    9840   15.0   23.7   0.   0.   0.00
   2   2019   144   12660   13.7   24.8   0.   0.   8.00
   2   2019   145   13470   14.3   24.7   0.   0.   12.00
   2   2019   146   14860   14.7   25.0   0.   0.   0.00
   2   2019   147   14420   13.9   24.7   0.   0.   0.00
   2   2019   148   16440   13.9   25.3   0.   0.   0.00
   2   2019   149   16710   13.9   25.2   0.   0.   0.00
   2   2019   150   15720   14.9   26.2   0.   0.   0.00
   2   2019   151   17590   14.9   26.0   0.   0.   0.00
   2   2019   152   18100   15.4   26.8   0.   0.   0.00
   2   2019   153   19130   15.0   27.5   0.   0.   0.00
   2   2019   154   19510   13.1   27.3   0.   0.   0.00
   2   2019   155   17930   14.0   24.9   0.   0.   0.00
   2   2019   156   17590   13.8   25.2   0.   0.   0.00
   2   2019   157   19360   12.7   24.5   0.   0.   0.00
   2   2019   158   16110   14.2   23.8   0.   0.   0.00
   2   2019   159   15800   14.4   24.0   0.   0.   0.00
   2   2019   160   13720   14.5   24.2   0.   0.   0.00
   2   2019   161   19130   12.3   25.2   0.   0.   0.00
   2   2019   162   21380   12.1   24.8   0.   0.   0.00
   2   2019   163   14830   13.5   24.8   0.   0.   0.00
   2   2019   164   17250   14.3   24.6   0.   0.   0.00
   2   2019   165   20030   14.7   22.3   0.   0.   0.00
   2   2019   166   20880   13.4   23.0   0.   0.   0.00
   2   2019   167   21140   11.1   26.0   0.   0.   0.00
   2   2019   168   22070   10.4   25.7   0.   0.   0.00
   2   2019   169   21260   13.1   25.1   0.   0.   0.00
   2   2019   170   21700   13.6   25.9   0.   0.   0.00
   2   2019   171   20280   13.8   25.3   0.   0.   0.00
   2   2019   172   19020   13.4   25.3   0.   0.   0.00
   2   2019   173   20450   12.8   24.1   0.   0.   0.00
   2   2019   174   20280   11.8   25.9   0.   0.   0.00
   2   2019   175   18420   13.7   26.9   0.   0.   0.00
   2   2019   176   17260   15.1   25.4   0.   0.   0.00
   2   2019   177   16460   14.7   25.1   0.   0.   0.00
   2   2019   178   17400   14.3   25.7   0.   0.   0.00
   2   2019   179   21330   13.3   26.6   0.   0.   0.00
   2   2019   180   22250   11.5   26.3   0.   0.   0.00
   2   2019   181   22490   10.9   26.8   0.   0.   0.00
   2   2019   182   21380   13.9   27.1   0.   0.   0.00
   2   2019   183   22030   14.2   27.6   0.   0.   0.00
   2   2019   184   18920   14.5   25.9   0.   0.   0.00
   2   2019   185   20870   12.0   25.6   0.   0.   0.00
   2   2019   186   20260   13.5   25.8   0.   0.   0.00
   2   2019   187   15880   14.2   24.1   0.   0.   0.00
   2   2019   188   14260   14.8   25.3   0.   0.   0.00
   2   2019   189   18460   14.7   26.6   0.   0.   0.00
   2   2019   190   19660   14.5   27.2   0.   0.   0.00
   2   2019   191   16460   14.6   27.0   0.   0.   0.00
   2   2019   192   18790   14.5   25.9   0.   0.   0.00
   2   2019   193   19680   14.0   26.2   0.   0.   0.00
   2   2019   194   21110   14.0   25.8   0.   0.   0.00
   2   2019   195   19580   13.6   25.0   0.   0.   0.00
   2   2019   196   18020   13.8   25.5   0.   0.   0.00
   2   2019   197   18020   12.7   24.8   0.   0.   0.00
   2   2019   198   10810   13.4   24.8   0.   0.   0.00
   2   2019   199   19570   13.0   24.8   0.   0.   0.00
   2   2019   200   15210   12.8   24.8   0.   0.   0.00
   2   2019   201   17550   13.2   25.8   0.   0.   0.00
   2   2019   202   22600   12.5   27.9   0.   0.   0.00
   2   2019   203   23240   11.9   26.0   0.   0.   0.00
   2   2019   204   23840    8.5   25.9   0.   0.   0.00
   2   2019   205   23400    9.3   27.9   0.   0.   0.00
   2   2019   206   23530    9.4   26.8   0.   0.   0.00
   2   2019   207   23470    9.4   26.5   0.   0.   0.00
   2   2019   208   23500    9.3   25.8   0.   0.   0.00
   2   2019   209   22550   10.6   26.1   0.   0.   0.00
   2   2019   210   21690   11.6   26.0   0.   0.   0.00
   2   2019   211   18170   13.2   23.3   0.   0.   0.00
   2   2019   212   14090   14.1   24.9   0.   0.   0.00
   2   2019   213   17370   14.8   27.6   0.   0.   0.00
   2   2019   214   14850   15.2   27.1   0.   0.   0.00
   2   2019   215   22890   13.4   27.0   0.   0.   0.00
   2   2019   216   22630   14.0   27.7   0.   0.   0.00
   2   2019   217   23800   12.6   28.3   0.   0.   0.00
   2   2019   218   24020   12.8   29.0   0.   0.   0.00
   2   2019   219   17670   15.1   28.7   0.   0.   0.00
   2   2019   220   18960   15.3   26.4   0.   0.   0.00
   2   2019   221   21340   14.0   27.8   0.   0.   0.00
   2   2019   222   21030   13.5   27.2   0.   0.   0.00
   2   2019   223   21470   14.2   25.4   0.   0.   0.00
   2   2019   224   21430   12.3   26.7   0.   0.   0.00
   2   2019   225   22680   12.2   27.1   0.   0.   0.00
   2   2019   226   23120   13.1   26.5   0.   0.   0.00
   2   2019   227   23500   11.1   26.0   0.   0.   0.00
   2   2019   228   16710   12.9   25.9   0.   0.   0.00
   2   2019   229   23320   12.9   26.5   0.   0.   0.00
   2   2019   230   21360   13.7   27.4   0.   0.   0.00
   2   2019   231   22430   13.6   27.2   0.   0.   0.00
   2   2019   232   24370   12.6   27.2   0.   0.   0.00
   2   2019   233   19410   13.9   26.3   0.   0.   0.00
   2   2019   234   23270   13.9   27.0   0.   0.   0.00
   2   2019   235   23340   13.3   26.7   0.   0.   0.00
   2   2019   236   15150   14.7   25.7   0.   0.   0.00
   2   2019   237   23240   13.7   27.8   0.   0.   0.00
   2   2019   238   21000   14.9   28.1   0.   0.   0.00
   2   2019   239   21270   14.7   28.1   0.   0.   0.00
   2   2019   240   21640   14.0   27.7   0.   0.   0.00
   2   2019   241   20010   14.3   28.4   0.   0.   0.00
   2   2019   242   22910   14.9   28.6   0.   0.   0.00
   2   2019   243   24350   15.0   29.0   0.   0.   0.00
   2   2019   244   23970   15.8   30.1   0.   0.   0.00
   2   2019   245   16710   16.0   27.9   0.   0.   0.00
   2   2019   246   23580   14.5   28.6   0.   0.   0.00
   2   2019   247   24440   14.2   28.7   0.   0.   0.00
   2   2019   248   24610   14.0   28.1   0.   0.   0.00
   2   2019   249   25270   14.3   28.6   0.   0.   0.00
   2   2019   250   24020   14.2   26.7   0.   0.   0.00
   2   2019   251   21120   13.8   25.9   0.   0.   0.00
   2   2019   252   20190   12.2   27.5   0.   0.   0.00
   2   2019   253   21510   14.8   28.2   0.   0.   0.00
   2   2019   254   25230   14.0   29.4   0.   0.   0.00
   2   2019   255   25180   15.3   30.0   0.   0.   0.00
   2   2019   256   26600   15.1   30.6   0.   0.   0.00
   2   2019   257   26470   15.0   31.0   0.   0.   0.00
   2   2019   258   26360   15.2   30.5   0.   0.   0.00
   2   2019   259   24310   14.9   29.5   0.   0.   0.00
   2   2019   260   23200   13.9   29.7   0.   0.   0.00
   2   2019   261   26690   14.9   27.8   0.   0.   0.00
   2   2019   262   26850   14.5   29.6   0.   0.   0.00
   2   2019   263   24980   13.9   29.4   0.   0.   0.00
   2   2019   264   26760   14.3   30.0   0.   0.   0.00
   2   2019   265   26130   14.9   29.9   0.   0.   0.00
   2   2019   266   26620   13.6   29.8   0.   0.   0.00
   2   2019   267   23370   15.1   29.4   0.   0.   0.00
   2   2019   268   21400   14.4   30.4   0.   0.   0.00
   2   2019   269   19500   16.1   28.3   0.   0.   0.00
   2   2019   270   18270   14.9   28.3   0.   0.   0.00
   2   2019   271   24890   14.8   29.9   0.   0.   0.00
   2   2019   272   24820   14.0   30.3   0.   0.   0.00
   2   2019   273   26550   15.9   31.0   0.   0.   0.00
   2   2019   274   22340   16.8   29.8   0.   0.   0.00
   2   2019   275   19510   17.3   29.1   0.   0.   0.00
   2   2019   276   15340   13.9   27.4   0.   0.   0.00
   2   2019   277   26330   14.5   27.7   0.   0.   0.00
   2   2019   278   19980   14.9   25.8  0.   0.   0.00
   2   2019   279   19980   13.7   27.1  0.   0.   0.00
   2   2019   280   19980   13.9   28.9  0.   0.   0.00
   2   2019   281   19980   13.9   28.4  0.   0.   0.00
   2   2019   282   19980   15.9   27.8  0.   0.   0.00
   2   2019   283   19980   15.9   27.3  0.   0.   0.00
   2   2019   284   19980   15.5   27.2  0.   0.   0.00
   2   2019   285   19980   14.5   25.6  0.   0.   0.00
   2   2019   286   19980   14.9   26.7  0.   0.   0.00
   2   2019   287   19980   14.9   27.9  0.   0.   0.00
   2   2019   288   19980   14.5   28.9  0.   0.   0.00
   2   2019   289   19980   15.1   28.4  0.   0.   0.00
   2   2019   290   19980   16.3   26.4  0.   0.   0.00
   2   2019   291   19980   15.4   25.6  0.   0.   0.00
   2   2019   292   19980   15.4   26.7  0.   0.   0.00
   2   2019   293   19980   15.3   27.5  0.   0.   0.00
   2   2019   294   19980   15.2   29.0  0.   0.   0.00
   2   2019   295   19980   16.0   29.1  0.   0.   0.00
   2   2019   296   19980   16.1   27.9  0.   0.   0.00
   2   2019   297   19980   16.5   25.9  0.   0.   0.00
   2   2019   298   19980   15.3   26.6  0.   0.   0.00
   2   2019   299   19980   14.8   27.9  0.   0.   0.00
   2   2019   300   19980   15.4   27.3  0.   0.   0.00
   2   2019   301   19980   15.5   28.6  0.   0.   0.00
   2   2019   302   19980   16.1   27.6  0.   0.   0.00
   2   2019   303   19980   16.6   28.7  0.   0.   0.00
   2   2019   304   19980   16.5   29.3  0.   0.   0.00
   2   2019   305   19980   15.9   28.3  0.   0.   0.00
   2   2019   306   19980   15.0   28.8  0.   0.   0.00
   2   2019   307   19980   15.0   28.9  0.   0.   0.00
   2   2019   308   19980   14.2   29.0  0.   0.   0.00
   2   2019   309   19980   16.0   28.7  0.   0.   0.00
   2   2019   310   19980   14.6   29.4  0.   0.   0.00
   2   2019   311   19980   15.8   28.7  0.   0.   0.00
   2   2019   312   19980   14.7   29.6  0.   0.   0.00
   2   2019   313   19980   16.6   27.6  0.   0.   0.00
   2   2019   314   19980   16.2   28.4  0.   0.   0.00
   2   2019   315   19980   16.3   28.7  0.   0.   0.00
   2   2019   316   19980   15.0   29.5  0.   0.   0.00
   2   2019   317   19980   15.8   30.1  0.   0.   0.00
   2   2019   318   19980   16.8   27.1  0.   0.   0.00
   2   2019   319   19980   17.4   26.9  0.   0.   0.00
   2   2019   320   19980   17.4   28.6  0.   0.   0.00
   2   2019   321   19980   17.7   29.2  0.   0.   0.00
   2   2019   322   19980   17.3   26.3  0.   0.   0.00
   2   2019   323   19980   17.1   25.4  0.   0.   0.00
   2   2019   324   19980   16.9   27.4  0.   0.   0.00
   2   2019   325   19980   15.3   27.3  0.   0.   0.00
   2   2019   326   19980   16.5   27.6  0.   0.   0.00
   2   2019   327   19980   17.1   26.5  0.   0.   0.00
   2   2019   328   19980   17.2   24.6  0.   0.   0.00
   2   2019   329   19980   17.3   23.7  0.   0.   0.00
   2   2019   330   19980   16.8   25.1  0.   0.   0.00
   2   2019   331   19980   16.9   25.5  0.   0.   0.00
   2   2019   332   19980   16.8   27.0  0.   0.   0.00
   2   2019   333   19980   17.7   24.0  0.   0.   0.00
   2   2019   334   19980   16.4   26.8  0.   0.   0.00
   2   2019   335   19980   16.9   27.4  0.   0.   0.00
   2   2019   336   19980   16.0   27.8  0.   0.   0.00
   2   2019   337   19980   16.7   25.8  0.   0.   0.00
   2   2019   338   19980   16.2   27.8  0.   0.   0.00
   2   2019   339   19980   15.9   28.0  0.   0.   0.00
   2   2019   340   19980   16.5   27.7  0.   0.   0.00
   2   2019   341   19980   17.6   26.0  0.   0.   0.00
   2   2019   342   19980   17.5   27.0  0.   0.   0.00
   2   2019   343   19980   16.8   24.7  0.   0.   0.00
   2   2019   344   19980   16.8   25.1  0.   0.   0.00
   2   2019   345   19980   16.9   25.6  0.   0.   0.00
   2   2019   346   19980   16.2   27.5  0.   0.   0.00
   2   2019   347   19980   17.3   25.0  0.   0.   0.00
   2   2019   348   19980   16.2   27.0  0.   0.   0.00
   2   2019   349   19980   16.0   27.9  0.   0.   0.00
   2   2019   350   19980   15.8   26.2  0.   0.   0.00
   2   2019   351   19980   16.7   25.9  0.   0.   0.00
   2   2019   352   19980   17.2   24.4  0.   0.   0.00
   2   2019   353   19980   16.9   25.3  0.   0.   0.00
   2   2019   354   19980   15.4   28.2  0.   0.   0.00
   2   2019   355   19980   16.1   22.3  0.   0.   0.00
   2   2019   356   19980   15.8   27.0  0.   0.   0.00
   2   2019   357   19980   16.8   22.6  0.   0.   0.00
   2   2019   358   19980   15.6   24.4  0.   0.   0.00
   2   2019   359   19980   16.7   24.2  0.   0.   0.00
   2   2019   360   19980   16.2   26.4  0.   0.   0.00
   2   2019   361   19980   17.0   26.0  0.   0.   0.00
   2   2019   362   19980   16.6   25.6  0.   0.   0.00
   2   2019   363   19980   16.5   23.9  0.   0.   0.00
   2   2019   364   19980   17.6   24.3  0.   0.   0.00
   2   2019   365   19980   16.4   26.5  0.   0.   0.00
